1.0587484397095626
0.07959223630133315
-0.904623589554874
0.089801622108481
0.9992479525179156
-0.10530383700391853
-1.0936318159472243
-0.0330893226964252
0.9387855250748933
-0.07749241996816522
-0.937583316810081
0.18805551171550652
1.0900254805009175
-0.04960640375233892
-0.9932383578648665
0.06501538650503223
0.8962121820875493
-0.2342787513313439
-1.0479372438900285
0.1545187914130193
1.045540057582235
-0.07472164182900196
-0.8890212001202534
0.243873446609099
0.9812553109674687
-0.2590965257853737
-1.073253252759581
0.1203872154589491
0.9160259449735839
-0.23061586868184836
-0.9124481975830624
0.3407890171536566
1.0625208716821812
-0.20191320593285922
-0.9633708792784321
0.21685882814498925
0.8639890222541989
-0.3856222866696823
-1.0133661582971711
0.30532599500639007
1.008629366817317
-0.2249562173186626
-0.8497797878681432
0.39349923545676546
0.9396926218723368
-0.40807751597584885
-1.0293792901517587
0.2686875501675287
0.8698512684619435
-0.3781998549043486
-0.8639839205135402
0.48762113429702497
1.0117786584630046
-0.34795811436429064
-0.9103629425727211
0.36208137769752785
0.8087281200406293
-0.5299875251021079
-0.9558655907993527
0.4487991764156167
0.9489029733027041
-0.36750281050237443
-0.7878419433172066
0.5350849322243583
0.8755582335187521
-0.5486682394058026
-0.9630637938945528
0.4082494628090427
0.8013706251503595
-0.5166993669213414
-0.7933546121055797
0.6250249115525928
0.9390176840585375
-0.48423308644356094
-0.8354878143221343
0.49719474586703843
0.7317568589299867
-0.6639067702038745
-0.8768167223131201
0.5814920666938107
0.8677955229649833
-0.49893740936089476
-0.7046954321126796
0.6652296059133931
0.7903926731944021
-0.677491664635433
-0.8758996821431593
0.5357206342880936
0.7122289406771286
-0.6427876048198531
-0.7022568095790115
0.7496998688857337
0.8459856889466373
-0.6074647563756593
-0.740544017615456
0.6189534689336296
0.6349241117524997
-0.7841632414500955
-0.7781183304223993
0.7002173427276135
0.7672552411429719
-0.6161029153190996
-0.6023374584484157
0.780807142339125
0.6862416432599296
-0.7914534142651265
-0.7699806630642636
0.6480391687466807
0.6045674251002306
-0.7534358912221522
-0.5928787095354461
0.858651276342765
0.7349173296162929
-0.7146930624041786
-0.6278121309906498
0.724432865767346
0.5205558302042553
-0.8878683422511848
-0.6621411801701272
0.8021231876966943
0.6496971356294611
-0.7161849777027265
-0.4832266916216258
0.8790413343327502
0.5656068827631502
-0.8878160928106968
-0.6478509433364665
0.7425071412229995
0.4809721403879138
-0.8459864210268458
-0.46784760681811727
0.9492620883646641
0.6084805014468405
-0.8033423483843638
-0.5000000082528111
0.8110992895481122
0.39139917478830955
-0.9725310449110633
-0.531671077569272
0.8847617925709965
0.5179449874580405
-0.7967795952876302
-0.3502242080574052
0.9575725670724514
0.4313860749153351
-0.9642650397659214
-0.5124441155410818
0.8168554026201431
0.3444118824330022
-0.9182161026864415
-0.3301667860998597
1.019355806008141
0.46971225505914205
-0.871283231818144
-0.36017773501166966
0.8768709867238593
0.2505565271935742
-1.0361177258614092
-0.38984195370493613
0.9461481532194294
0.37516352283383925
-0.8559508611318959
-0.20652476739285502
1.0145144967405104
0.2868032438689724
-1.0189639284435992
-0.3670126923863635
0.8692980853494994
0.19816686968291536
-0.9683899575344794
-0.18314338208256395
1.0672487571045133
0.3219458454464867
-0.916883752261676
-0.21170388430248616
0.9201681013567964
0.10141097015394471
-1.0771010139109847
-0.24006058676763364
0.984807750805831
0.22478239545865547
-0.8922774636424471
-0.055580073390296025
1.0484993610690052
0.13533131268895338
-1.050598875094635
-0.21504998037466594
0.8985755004071476
0.04574995130665869
-0.995302794494749
-0.030308941127554688
1.09179053857136
0.16873066618792276
-0.9390485715059602
-0.058144842652033
0.939950623737922
-0.052454975215804334
-1.0944964781608326
-0.08592477021693642
0.9998119701747381
0.07041380521803896
-0.9048868269068366
0.09898413702494255
1.0587108334005586
-0.01939131730381116
-1.058409998790701
-0.06020616953003507
0.9039843954822914
-0.1091777724983064
-0.9983081591331913
0.12466540754999149
1.0923916494403287
0.013746991947299711
-0.9372452839297716
0.09681085559784847
0.9357433717327971
-0.20734540265417753
-1.0878862743304416
0.06886310729880028
0.9908004054664791
-0.08423426794547742
-0.8934760702289539
0.25345518505507153
1.0449036311000957
-0.1736481620256593
-1.0422096739925177
0.09379934526343105
0.8853948472892648
-0.2628948912333441
-0.977333861687744
0.2780571335079306
1.0690376508476604
-0.1392824228305782
-0.911517205042773
0.24944112799394808
0.9076474047993236
-0.3595397975326473
-1.0574291815029015
0.22058499443085167
0.9579895171743343
-0.23544713082590726
-0.8583192834143898
0.40412262969085017
1.0074094073174549
-0.3237339256953153
-1.0023870373717159
0.24326730524472595
0.8432533823638614
-0.4117090734975263
-0.9328837110881366
0.4261817213776556
1.0222895128599803
-0.2866817656005052
-0.8624823310339551
0.3960797495111157
0.8563375965091792
-0.5053824047348437
-1.0038567882036378
0.36559648584112064
0.9021674326983383
-0.3795926050006887
-0.8002609430509391
0.5473673936200252
0.9471287845790419
-0.46604350315208776
-0.9398986406310086
0.3846074450836328
0.7785722513617711
-0.5520457578978178
-0.8660254133139661
0.5654811740308343
0.953270139804691
-0.4249104598394159
-0.7913184943173828
0.5332044163794057
0.7830464238817656
-0.6413700409942197
-0.9284559194241027
0.5004143619141256
0.8246750152882913
-0.5132082728485173
-0.720695627926981
0.6797486945520437
0.8655097215640258
-0.5971585755658099
-0.8562454738447554
0.5144247321328914
0.6929051144933805
-0.6805340150882605
-0.7783649247760281
0.6926094767397749
0.863637397770586
-0.5506482107587533
-0.6997350716435974
0.6575213528796896
0.6895343629155724
-0.7642362424083744
-0.8330377266986791
0.6218002567389613
0.7273736561053882
-0.6330846458616045
-0.6215345208300431
0.7980866938434757
0.7645127327014458
-0.7139297194824601
-0.7534369112261844
0.6296009161332328
0.5883097221387584
-0.7940875185063623
-0.6720078767605513
0.8045129694574614
0.7555442921657033
-0.660874759783396
-0.5899319243560527
0.7660444288262465
0.5780476014258075
-0.8710297258846239
-0.7198941837001911
0.7268384446319911
0.6126005630469303
-0.7363422575239942
-0.505159501361327
0.8995388771778117
0.6465637960246389
-0.8135520569226734
-0.6339424453545677
0.7273694305217273
0.4672984870647116
-0.8899786788646782
-0.54950899753297
0.8985036966495951
0.631587251880657
-0.7529424320705613
-0.4645465570605617
0.856166887311685
0.45126408493744175
-0.959185279846731
-0.591743032343714
0.8130058767445744
0.4831126203102631
-0.8205008289632908
-0.3743659324719576
0.9816683326136936
0.5144960804491003
-0.8936326293937399
-0.5006323692215009
0.8053818461926798
0.3327781355148278
-0.9659041616654308
-0.4138107469966998
0.9723239727942274
0.4947437622859006
-0.824639734455439
-0.3265907639716688
0.9257239597915246
0.3122291916287649
-1.026585381387968
-0.45166250180823075
0.8782327854546373
0.3420201672051667
-0.8835388459946727
-0.23229551500472895
1.0425022859426099
0.37148189220388744
-0.9522478774716788
-0.3567088309301269
0.8617642814703135
0.1879798867715535
-1.0200402139879272
-0.26817263792187973
1.0242006126674328
0.34830084513772225
-0.874244476181811
-0.1793782847102751
0.9730448644752108
0.16428258143270602
-1.071611059808177
-0.3030173685468668
0.9209524008069372
0.19271228686908864
-0.9239421164991428
-0.08236082309474993
1.08057948731841
0.2209564750821515
-0.9879898452774809
-0.20562891713474468
0.8951624133101326
0.03638183829751522
-1.051086471581488
-0.11609294146877781
1.052887523784749
0.19577610332866485
-0.9005651364417152
-0.026445207281795946
0.9969929390070943
0.010977976400099544
-1.0931807847766024
-0.14937813334478875
0.9401385847988947
0.03877539947115974
-0.9407401417735579
0.07183666688643185
1.0949853109175463
0.0665354948526228
-0.9999999999999974
-0.05102161278130723
0.9047740085455289
-0.11837457921103575
-1.0582971940058603
0.03877534233711378
1.057695637917568
0.04083322700713023
-0.9029694850634822
0.12853496982071466
0.9969929434378892
-0.14400220077126313
-1.0907764450153548
0.00556474318294585
0.9353304795234
-0.1160928846782299
-0.9335294282011679
0.2265930848758104
1.0853737245266841
-0.0880718101190805
-0.987989854112426
0.10339936820343698
0.8903681937696024
-0.2725720700842042
-1.041499177540818
0.19271223076381147
1.038509462719049
-0.11280600936013793
-0.8813997688704404
0.2818395761545362
0.9730448776611722
-0.2969352796367882
-1.0644557934883192
0.15808948656474944
0.9066435771145537
-0.26817258283918466
-0.902483179289593
0.3781911351922773
1.051975601340227
-0.23915172589102657
-0.952247894929354
0.25392478743562136
0.8522910009838439
-0.42250676423789646
-1.0010959155915438
0.3420201134762143
0.9957898558850143
-0.26145114513008955
-0.8363740989295991
0.4297861889909529
0.9257239814159188
-0.4441477616692337
-1.0148510601573437
0.3045324066141133
0.8547669455917324
-0.4138106949448391
-0.848347135270507
0.522989387095212
0.9955931743170194
-0.3830752674701218
-0.8936326550547468
0.3969389790958197
0.7914570558052992
-0.5645771852466555
-0.9380579066556298
0.4831125702484321
0.9305629552135711
-0.4015316794573043
-0.7689740053680565
0.5688210862150505
0.856166916855085
-0.582103558796505
-0.9431537656288688
0.4413759003692321
0.7809466772389
-0.5495089497621529
-0.7724216601950895
0.6575097430460937
0.9175807663031889
-0.5163853481230665
-0.8135520901707365
0.5290066993088495
0.7093276078844084
-0.6953707588900504
-0.853899342657599
0.6126005178545665
0.844395530466778
-0.5296828357976202
-0.6808184586944828
0.6956046078002406
0.7660444655789771
-0.7074889313007092
-0.851086100470264
0.565332945973571
0.6869559570928668
-0.672007834418432
-0.6765305067986206
0.7785209836568041
0.8198122587905774
-0.635879819637845
-0.7139297595189366
0.6469556417343043
0.6078754312493693
-0.8117457842112985
-0.7506417376036023
0.7273736168681199
0.7393573490897241
-0.6428263848522141